93
00
00
00
13
01
00
00
93
06
00
00
13
07
00
20
13
05
00
04
93
05
00
44
93
07
00
10
93
04
30
00
b7
51
34
12
17
02
00
00
93
02
10
00
13
a8
a2
00
93
b8
a2
00
13
c9
f2
0f
93
e9
a2
0a
13
fa
f2
00
93
9a
42
00
13
db
2a
00
93
db
2a
40
13
03
20
00
93
03
40
00
33
88
62
00
33
8a
03
41
33
1c
98
00
b3
dc
98
00
33
5d
99
40
b3
2d
78
00
33
3e
78
00
b3
4a
48
01
33
6b
48
01
b3
7b
48
01
93
02
50
00
13
03
00
00
13
03
13
00
e3
4e
53
fe
63
54
53
00
13
00
00
00
63
64
50
00
13
00
00
00
63
f4
02
00
13
00
00
00
63
92
02
00
93
82
f2
ff
63
88
02
00
97
03
00
00
93
83
c3
00
67
80
83
fe
93
02
00
00
13
09
00
02
13
93
22
00
b3
03
67
00
33
84
52
02
23
a0
83
00
93
82
12
00
e3
c6
22
ff
13
04
00
00
93
02
00
00
13
06
40
00
13
03
00
00
93
09
00
00
13
1a
23
00
b3
0a
47
01
03
ab
0a
00
b3
89
69
01
13
03
13
00
e3
46
23
ff
33
04
34
01
93
82
12
00
e3
cc
c2
fc
93
02
a0
0a
23
20
55
00
13
03
b0
0b
23
a0
65
00
83
2b
05
00
03
ac
05
00
93
02
a0
05
23
22
55
00
83
2c
45
00
6f
00
00
02
93
00
10
10
93
80
20
10
93
80
30
10
93
80
40
10
93
80
50
10
93
80
60
10
6f
00
40
01
13
0d
70
07
33
04
a4
01
93
0d
10
00
63
42
b0
01
93
02
b0
0a
23
84
57
00
13
03
d0
0c
a3
84
67
00
93
03
20
01
23
85
77
00
13
04
40
03
a3
85
87
00
03
ae
87
00
83
ce
87
00
03
8f
87
00
83
df
a7
00
93
02
00
05
93
92
82
00
93
e2
c2
00
23
96
57
00
03
da
c7
00
83
9a
c7
00
93
02
c0
00
93
82
f2
ff
13
93
22
00
b3
83
66
00
13
84
02
03
23
a0
83
00
e3
96
02
fe
37
18
00
00
13
08
08
c4
b7
18
00
00
93
88
08
04
23
20
08
00
23
a0
08
00
03
2c
05
00
83
ac
05
00
03
2d
45
00
93
02
00
00
13
09
00
02
93
0d
00
00
13
93
22
00
b3
03
67
00
83
a4
03
00
b3
8d
9d
00
93
82
12
00
e3
c6
22
ff
03
2e
c7
07
83
ae
87
00
03
af
06
00
83
af
c6
02
13
01
20
00
63
00
00
00
